146, 149, 128, 93, 253, 81, 123, 94, 89, 74, 102, 264, 262, 58, 116, 60, 285, 137, 197, 214, 151, 241, 271, 265, 170, 107, 111, 1, 305, 208, 172, 41, 322, 8, 122, 314, 272, 96, 105, 112, 135, 48, 53, 270, 174, 142, 200, 33, 250, 205, 207, 73, 311, 209, 268, 191, 276, 204, 289, 64, 87
152, 139, 229, 275, 317, 158, 201, 2, 203, 188, 183, 283, 292, 297, 266, 301, 294, 238, 304, 308, 296, 293, 80, 171, 154, 148, 49, 55, 138, 91, 103, 161, 218, 223, 22
153, 155, 59, 125, 126, 231, 42, 44, 90, 79
169, 179, 190, 0, 26, 273, 82, 274, 115, 284, 136, 130, 220, 163, 239, 57, 43
3, 30, 25, 269, 23, 211, 228, 206, 120, 321, 84, 63, 176, 65, 70, 32, 61, 85
259, 227, 236, 31, 248, 254, 256, 51, 252, 173, 150, 267, 101, 10, 306, 303, 307, 46, 83, 109, 47, 77, 133
240, 99, 245, 224, 164, 182, 234, 278, 287, 132, 143, 216, 9, 175, 249, 298, 251, 246, 258, 318, 319, 212, 295, 24, 35, 29, 88, 309, 286, 312, 27, 156, 40, 62
131, 127, 280, 302, 202, 215, 167, 177, 178, 12, 196, 165, 181, 180, 237, 166, 98, 95, 260, 21, 277, 313, 210, 310, 4, 13, 144, 217, 221, 97, 52, 18, 36, 168, 225, 195, 219, 106, 110, 16, 129, 114, 75, 141, 134, 263
118, 255, 257, 243, 279, 56, 113, 50, 140, 20, 38, 121, 39
17, 15, 34, 244, 162, 282, 291, 290, 288, 281, 247, 145, 194, 147, 72, 68, 157, 19, 14, 159, 104, 323, 315, 11, 117, 6, 320, 186, 37, 69, 45
92, 86, 192, 198, 184, 189, 67, 5, 233, 187, 232, 242, 235, 124, 160, 185, 226, 299, 222, 300, 78, 193, 199, 230, 54, 66, 316, 108, 100, 119, 213, 71, 261, 7, 76, 28
